0003919386536713
0004022586110481
0004072613292475
0004706603300740
0007278260015680
0008743559477412
0009674810581809
0009784707188018
0010019430133988
0011219817945756
0014692223687736
0014987556460591
0016615895456187
0016633385742336
0016757428256557
0021270141793953
0022455027640104
0022922708196026
0024311302653987
0024366223698692
0024697241449516
0024977948247395
0025737955160334
0026506533871929
0031308428259339
0031669201092957
0033345213407184
0033590915691960
0038246950643543
0039779933104797
0041400444364626
0042351447296584
0042926780326467
0043759595854301
0044553371898324
0044776599924662
0048490191207720
0051943663700839
0054310935050478
0055086110667463
0055964600569667
0056137103805108
0059449047020903
0061536860336610
0064644440999586
0064848908794311
0065457360543420
0066198607480458
0073480063679881
0075321687481406
0077295633943448
0077830707011397
0078265561442268
0078908653872214
0080717401701387
0080806155449987
0082489998988349
0084587484397779
0085464740753410
0085910433103746
0087710881975586
0088148939420174
0090264123376586
0090487072535815
0093501591730029
0095674903266269
0095785210350166
0096246030057998
0096908516252005
0097225405601898
0099839210424757
0103670479374870
0105103630232330
0105169821549649
0107833031325109
0115290332424686
0116868370405159
0121492505345809
0122570064924211
0123565049834202
0129810966268826
0134613809884885
0135514084578874
0136019251243788
0137042082983485
0137525443525215
0137944963846547
0139950052938367
0141389002346917
0144065626783174
0144255593679291
0145317590210668
0146892410251360
0148310591809616
0148840984724085
0149114925951052
0152406572004828
0157280353796356
0166203467582187
0167585419146104
0168506847437120
0169275269797691
0172503460046947
0173402410647199
0175768759753693
0175914492530439
0180031783903467
0180561132480429
0181238591339993
0183785831384933
0184416940270273
0184584802331353
0185617848060730
0187965704879377
0189444951687068
0191659852270195
0197389281039103
0197656843094994
0198608985380472
0199098726098947
0201945304099855
0202517834827018
0205035296600439
0205821659629755
0206022223969980